450.59819419750045 3867.030236658797
399.1646975975 2875.3265321568383
321.07003564571465 1439.607862083592
299.17575221777844 936.0708370578612
290.5346683811766 912.2642047793008
280.04957745600126 886.5346146042708
#279.6000269146162 800.8242328137954 #1
270.1940570642864 998.3382735556225 #0
260.17650172222267 677.3323281211949 #1
#259.89582097000056 629.6644456418057 #0
249.96591333111095 665.4492995221742
239.84532808625096 527.4837662456722
229.94020779000047 758.7069749967761
220.07455362400046 784.3991406430561
