239.21436486017166 105.43088857201855
242.1341392825839 103.70856996990454
245.05391370499612 101.89491629040572
247.97368812740834 100.08126261090688
250.89346254982058 98.30675253600154
253.8132369722328 96.53224246109622
256.733011394645 94.86211533177355
259.65278581705724 93.58342424838588
262.57256023946945 92.31778103319604
265.49233466188167 91.05213781800622
268.4121090842939 89.7995424710142
271.33188350670616 88.54694712402222
274.2516579291184 87.37263898621723
277.1714323515306 86.26357018940139
280.0912067739428 85.16754926078339
283.01098119635503 84.07152833216539
285.93075561876725 82.96245953534955
288.85053004117947 81.86643860673156
291.77030446359174 80.75736980991572
294.6900788860039 79.67439674949556
297.6098533084162 78.5914236890754
300.5296277308284 77.50845062865523
303.4494021532406 76.4776690410264
306.36917657565283 75.40774384880406
309.28895099806505 74.44220160216439
312.20872542047726 73.43751575093123
315.1284998428895 72.43282989969806
318.04827426530176 71.48033552125624
320.9680486877139 70.47564967002306
322.56065291812064 69.9015434693184